Model:  ARIMA(2,0,2)

Initial Values:   Adj. SSE = 59.745333268 
  b =   1.419191  -0.570351   0.673572  -0.488380   2.992671   0.490711 

Iteration: 1     Marquardt Constant = 0.001    Adj. SSE = 58.730518955 
  b =  1.444425  -0.614814   0.751825  -0.610349   2.959833   0.491016 

Iteration: 2     Marquardt Constant = 0.0001   Adj. SSE = 58.676570217 
  b =  1.414290  -0.587951   0.726891  -0.625588   2.926857   0.491599 

Iteration: 3     Marquardt Constant = 1E-005   Adj. SSE = 58.674420489 
  b =  1.418925  -0.592863   0.733692  -0.629216   2.925263   0.491616 

Iteration: 4     Marquardt Constant = 1E-006   Adj. SSE = 58.674357292 
  b =  1.417728  -0.591766   0.732597  -0.629510   2.924111   0.491635 

Iteration: 5     Marquardt Constant = 1E-007   Adj. SSE = 58.674355526 
  b =  1.417905  -0.591946   0.732814  -0.629578   2.924143   0.491634 

Iteration: 6     Marquardt Constant = 1E-008   Adj. SSE = 58.674355474 
  b =  1.417869  -0.591912   0.732779  -0.629581   2.924115   0.491635 

Final Results:

Iterations Until Convergence:   6

Log Likelihood:   -115.235482         Number of Residuals: 100   
AIC           :    242.470964         Error Variance     : 0.608891870      
SBC           :    258.101985         Standard Error     : 0.780315238      

DF: 94      Adj. SSE: 58.674355474         SSE: 57.235835793     

Dependent Variable:          Y 

            Coefficients     Std. Errors      T-Ratio    Approx. Prob.
AR1           1.41786928      0.13471422     10.52502          0.00000
AR2          -0.59191222      0.12818581     -4.61761          0.00001
MA1           0.73277873      0.12050220      6.08104          0.00000
MA2          -0.62958147      0.08930529     -7.04977          0.00000
CONSTANT      2.92411546      0.76391684      3.82779          0.00023
TIME-TR       0.49163472      0.01301647     37.77020          0.00000

Total Computation Time: 0.05 (seconds)

AR Roots and Moduli:

Real :    1.19770   1.19770 
Imag.:    0.50492  -0.50492 
Mod. :    1.29978   1.29978 

MA Roots and Moduli:

Real :    0.58196   0.58196 
Imag.:    1.11789  -1.11789 
Mod. :    1.26030   1.26030 

Residual Autocorrelations:

       1        2        3        4        5        6        7        8 
    0.0283  -0.0515   0.0707  -0.0312  -0.0145   0.0186  -0.0183   0.0557 

       9       10       11       12       13       14       15       16 
   -0.0487  -0.0527   0.0140  -0.1121  -0.0212   0.0268  -0.0300   0.1115 

Box-Ljung Statistic:   m          Q          P-value
                      10      2.009168      0.918853
                      11      2.031661      0.958067
                      12      3.488272      0.900098
                      13      3.541199      0.938940
                      14      3.626524      0.962627
                      15      3.734547      0.977049
                      16      5.243916      0.949332
                      17      5.341497      0.966886
                      18      5.698218      0.973534
                      19      5.733690      0.983882
                      20      6.040958      0.987647

Covariance Matrix: 

               AR1      AR2      MA1      MA2     CONS     TIME
      AR1   0.0181  -0.0164   0.0117   0.0016   0.0026  -0.0001
      AR2  -0.0164   0.0164  -0.0114  -0.0002  -0.0032   0.0001
      MA1   0.0117  -0.0114   0.0145  -0.0027   0.0013   0.0000
      MA2   0.0016  -0.0002  -0.0027   0.0080   0.0005   0.0000
     CONS   0.0026  -0.0032   0.0013   0.0005   0.5836  -0.0086
     TIME  -0.0001   0.0001   0.0000   0.0000  -0.0086   0.0002

Correlation Matrix: 

               AR1      AR2      MA1      MA2     CONS     TIME
      AR1   1.0000  -0.9511   0.7233   0.1317   0.0256  -0.0414
      AR2  -0.9511   1.0000  -0.7358  -0.0153  -0.0330   0.0483
      MA1   0.7233  -0.7358   1.0000  -0.2500   0.0141  -0.0191
      MA2   0.1317  -0.0153  -0.2500   1.0000   0.0072  -0.0113
     CONS   0.0256  -0.0330   0.0141   0.0072   1.0000  -0.8600
     TIME  -0.0414   0.0483  -0.0191  -0.0113  -0.8600   1.0000

