SIGMA: 

       6.2363456        2.4137852 
       2.4137852        20.448702 

Jacobian: 
               . 

Gradient: 

  -0.00011160567 
       24.435328 
       37.295875 
  -6.1713600e-05 
   5.8543345e-05 
      -15.276446 
      -55.293934 
  -0.00072746999 

Hessian: 

      -115.14369        15.821483       -77.862932        12.273743        95.733540       -13.102612        38.405585       -8.0189975 
       15.821483       -55.480231        16.785381       -59.112577       -10.320642        37.985635       -7.6130573        33.069945 
      -77.862932        16.785381       -827.77547        138.38749        33.676714       -7.7627103        310.87916       -45.321025 
       12.273743       -59.112577        138.38749       -539.28737       -5.1772765        26.573618       -32.875446        129.90269 
       95.733540       -10.320642        33.676714       -5.1772765       -108.05492        11.483303       -18.408762        4.4281018 
      -13.102612        37.985635       -7.7627103        26.573618        11.483303       -33.095104        3.9807774       -18.468688 
       38.405585       -7.6130573        310.87916       -32.875446       -18.408762        3.9807774       -359.49654        37.891952 
      -8.0189975        33.069945       -45.321025        129.90269        4.4281018       -18.468688        37.891952       -108.44563 

Information: 
               . 

