
FORECAST ERROR VARIANCE DECOMPOSITION in INVESTMENT (percent)

-------------------------------------------------------------------------------
                       Investment           Income      Consumption
         periods      innovations      innovations      innovations
-------------------------------------------------------------------------------
            1          100.0000            0.0000            0.0000
            2           95.9960            1.7511            2.2529
            3           94.5649            2.8021            2.6330
            4           94.0792            2.9361            2.9847
            5           93.8464            3.0181            3.1356
            6           93.8308            3.0246            3.1446
            7           93.7784            3.0737            3.1479
            8           93.7751            3.0739            3.1510



FORECAST ERROR VARIANCE DECOMPOSITION in INCOME (percent)

-------------------------------------------------------------------------------
                       Investment           Income      Consumption
         periods      innovations      innovations      innovations
-------------------------------------------------------------------------------
            1            1.7536           98.2464            0.0000
            2            6.0245           90.7470            3.2285
            3            6.9592           89.5762            3.4645
            4            6.8313           89.2321            3.9366
            5            6.8501           89.2120            3.9379
            6            6.9243           89.1408            3.9348
            7            6.9222           89.1158            3.9620
            8            6.9228           89.1149            3.9623



FORECAST ERROR VARIANCE DECOMPOSITION in CONSUMPTION (percent)

-------------------------------------------------------------------------------
                       Investment           Income      Consumption
         periods      innovations      innovations      innovations
-------------------------------------------------------------------------------
            1            7.9950           27.2921           64.7129
            2            7.7248           27.3848           64.8904
            3           12.9729           33.3641           53.6630
            4           12.8703           33.4988           53.6309
            5           12.8588           33.9244           53.2168
            6           12.8522           33.9630           53.1848
            7           12.8702           33.9562           53.1736
            8           12.8704           33.9682           53.1614
